`.__T__overlap:randPort` <-
<environment>
.Random.seed <-
c(403L, 413L, 550589746L, 1147814319L, -751873327L, -585969245L, 
-667930949L, 264876431L, -784500102L, 2077449510L, -63862992L, 
1222824173L, -1589324827L, 1505683447L, -1001820947L, 892348226L, 
296781401L, -1352365096L, 549461510L, -1501314638L, -666858491L, 
254933872L, 1455508771L, 922474014L, -1288586023L, -2028903820L, 
1032165159L, -1341531343L, -239861655L, -1146085093L, 787994917L, 
-256861944L, -937027863L, 51996190L, -495634948L, 121809885L, 
987991988L, 532117578L, -1642867176L, -2096604190L, 370364795L, 
759369198L, 1424043548L, 334369314L, 1527422965L, -1768565791L, 
1193223254L, 2484150L, -503800054L, 902571503L, 48273162L, 141422080L, 
1797800496L, -896827314L, -251037699L, -1585380257L, -2082742608L, 
-669229111L, 1151752072L, -2110924544L, -810044098L, 263917567L, 
-1371612022L, 168323664L, -922592586L, 263410430L, -132278484L, 
365725996L, 947922908L, -2090758577L, 1077907705L, -2102843825L, 
-832640261L, -802668938L, 9223056L, 1082915501L, 144873700L, 
-976235571L, 922272876L, 69909371L, 1499523043L, 859043049L, 
2057339670L, 1904332468L, -362307755L, 1000564607L, 473820857L, 
483813035L, -271023533L, 469842114L, 629038765L, -860934823L, 
1274960612L, -799925974L, 1453261513L, 729058631L, 1945983166L, 
301682578L, -1226188579L, 2107015451L, -1294690864L, -192130981L, 
-1022696890L, 102197436L, -913604362L, -467643843L, 729889320L, 
-1505134554L, 342661278L, -1923790604L, 1247376565L, -2100890781L, 
2092618929L, 196516735L, 998894016L, -1984590608L, -2015646459L, 
-221369101L, 1089379241L, -477541783L, -540960071L, -566982996L, 
-1242871666L, 734078320L, -1705497155L, -1088450000L, 392504085L, 
-1555384249L, -1287154039L, -946663712L, -661966315L, -1084273283L, 
-921650717L, -1502707332L, 486547784L, 791821541L, 262725915L, 
-1372218092L, 2092967898L, -1455421408L, 228676480L, -1107738266L, 
-1965125828L, 1349047429L, -510479517L, 722859445L, -1944580832L, 
1551756602L, -453333584L, -1959477836L, -1798372392L, 131463519L, 
1417992355L, 784442430L, 595551792L, 1077299989L, -1891283234L, 
970235121L, -315963523L, 129350128L, -741807746L, -988549481L, 
-911783204L, 1970487041L, 1341259322L, -1861127003L, -469996382L, 
-282010552L, -573955015L, -2122942856L, -1397438148L, -242764295L, 
1570893547L, 896940521L, 1065418779L, -1414938353L, 1451555699L, 
724173837L, -1297848228L, -917120958L, -227258308L, 2057240736L, 
637056515L, 1884877485L, 1183414768L, 749360950L, 1903456128L, 
346834647L, -184559105L, 1164900352L, 1680584731L, -1194224453L, 
167552307L, -939428860L, 2084732552L, 282841286L, 102751424L, 
-1549903077L, -1785630063L, 470824571L, 1937995461L, -1094040784L, 
1715151285L, 1303787506L, -227256280L, 1118102770L, 1672968291L, 
-1469844523L, 553514718L, -1981727709L, 1159534977L, 295336714L, 
-1455146903L, -32544340L, 225299982L, 762867998L, -2017172939L, 
-281734919L, 1116498134L, -1498405731L, -866052444L, 2078360602L, 
-1722975484L, -96560387L, 1628956774L, -44449942L, 148659597L, 
2075583157L, 603891628L, -931745659L, -1230115335L, -315961935L, 
1407049301L, -1782189499L, 192012683L, 1147013790L, -1256722895L, 
800435688L, 574442767L, 225526487L, 1420692795L, 1480397659L, 
119628123L, 939599664L, -1387590399L, 169177806L, 427777759L, 
-1236003800L, -206290301L, 1599709626L, -695986709L, -2049763558L, 
1581106928L, -2043715206L, 546016842L, 651145655L, -2133917949L, 
-698491516L, -710098099L, 370356180L, 1344869569L, 355183862L, 
-585226971L, 1818804814L, -950743384L, -1318261720L, -2036283666L, 
260272664L, 638353025L, 866836110L, 1354735337L, -1624707639L, 
2063346287L, -1806097657L, 776339214L, -2025020131L, 1320890539L, 
-2049745103L, 1788739002L, 1720856904L, -1092845414L, 1672132979L, 
-1189603109L, 1356892063L, 1861526466L, 1273503314L, -1838655360L, 
-303033776L, -186163136L, 784163922L, -1181056008L, -1214211121L, 
240714666L, 189903865L, -1450707523L, 814471660L, 979998572L, 
-361488350L, -432487215L, 584699009L, -757124181L, -497130043L, 
1723378461L, 540801694L, -320709539L, 327346280L, -194228617L, 
-1716646345L, 1254808372L, 697300257L, 610353735L, -1520815808L, 
-1248281205L, -1366475130L, 1360666721L, 1928472170L, 1462373868L, 
-1757541902L, 280941767L, 1601943480L, -489048735L, -631076335L, 
278723131L, -1573999819L, -1251923796L, -2010019490L, -1727801152L, 
467283590L, 1247825822L, -887983531L, 1023988828L, 1292379522L, 
772146769L, -1903863920L, 1149461169L, 1362170728L, 1697783547L, 
-1885853663L, -283084010L, -1794599751L, -756365195L, -2930291L, 
-908910347L, -1743534660L, 638866158L, 378952732L, -1697557388L, 
-454541889L, 1266761598L, 1461601121L, -964429022L, -1097755085L, 
-1837222423L, 462212977L, -1207526406L, -791482911L, -567748762L, 
894719416L, -508993566L, -1968569412L, 1109635249L, 711946608L, 
-2131130540L, 215025346L, -79719704L, -2109957559L, 697033936L, 
-292728478L, -1750846291L, -783528126L, -1601060092L, -1375338522L, 
-2009651279L, -1593390666L, -1947166703L, 1607714538L, -1016238973L, 
-1821691286L, -1896265735L, -462050269L, 744211990L, -2125738752L, 
1255499679L, 192984064L, -1700207343L, -476458277L, -1573673810L, 
-621933225L, -1918721477L, -1501005758L, 761889508L, 1320654808L, 
1774575926L, -863727605L, -2010035370L, -1101189823L, 2075613905L, 
1849329174L, 124378427L, -931511964L, -969138982L, 288530089L, 
662495750L, -1817513331L, 1613214557L, 726316723L, -151463383L, 
232109267L, -948270162L, 1843377348L, 1642226314L, -2142515037L, 
1527352683L, -460047843L, -1001004164L, -978270348L, 1517378446L, 
1370071821L, -1592048918L, 2062824179L, -390854131L, -1519018663L, 
-562273773L, -358649909L, -1508084427L, -2034773508L, -828187409L, 
-1300623106L, 1598569407L, -1723522900L, -836113706L, -296729786L, 
672727916L, 1665475020L, -1217878183L, -2107641852L, 1645960736L, 
-1449095649L, -1384555721L, -1566402818L, 382856465L, -2061235524L, 
-1142186074L, -1354480224L, -1167652129L, 161132349L, -1194475627L, 
-1427242726L, -1258498643L, -19731110L, -832184996L, 309788863L, 
1971843578L, -229739349L, 46549382L, 316090214L, -1550263872L, 
-1765573166L, -1977492996L, -700967478L, 821360545L, 862655997L, 
695547781L, -190896925L, -2035279662L, 1605515393L, 1501241608L, 
-992097082L, 852957775L, 200059356L, 1806557311L, -431173003L, 
605656718L, 1242004889L, 1390707994L, 1324363818L, -205607073L, 
-1889067106L, 1414658526L, -1112597133L, 1563776130L, 199242576L, 
708597717L, -718425404L, 1724664284L, -42833166L, 1565623641L, 
-1963738625L, 525135063L, 2052451189L, 571562437L, 1897294293L, 
265665662L, 1367515991L, -1425764478L, -641502165L, 78496825L, 
-709506837L, -1497428723L, -221226633L, 115317119L, 1154479881L, 
1724737647L, -1843995949L, 147283567L, -1656366698L, 517159682L, 
163048067L, 1164378934L, 362073436L, 2383257L, -151981217L, -2131899234L, 
707288613L, -278493727L, -1042160409L, 533502504L, 2087475191L, 
1601018414L, 1544594820L, -245789943L, -237202370L, 428501318L, 
-1853765117L, 331988535L, 1367118L, 1054739874L, -2098905545L, 
-637694518L, 1172995555L, 1916765824L, 1451454626L, -1047365752L, 
1268071412L, 91573461L, -218146882L, 2105987329L, -1901345287L, 
8251309L, 1391594776L, -1773009186L, -260465249L, -1840066864L, 
-1947774859L, 633767943L, 609242795L, -1338559153L, 764211095L, 
-827918393L, -656823307L, -194998353L, 1893618460L, 2021482783L, 
157213658L, -417231915L, 1163159909L, 1961515652L, 1802537883L, 
-1215525648L, 332390974L, 771493486L, -1733972975L, -1365045874L, 
502270141L, 1585861454L, -7530770L, 1292820508L, -494176450L, 
1276827204L, -1982717673L, 1126791078L, 1558763494L, 1026996372L, 
-1338775075L, -796444338L, 939649719L, -141750769L, -437427260L, 
-1826396280L, -1469239176L, -865405661L, 899131155L, 1453071835L, 
-928110389L, -1453721737L, -202609228L, -2085554374L, 1887423934L, 
1710082231L, -1378040067L, 1248675486L, 486073946L, -1846815772L, 
1129328300L, -1732651971L, -477418115L, -1196085813L, -941908143L, 
86050811L, -1687232656L, 1936020205L, 1328539936L, 1450774393L, 
